STN---,WBAN , YEARMODA,   TEMP,  ,   DEWP,  ,  SLP  ,  ,  STP  ,  , VISIB,  ,  WDSP,  , MXSPD,  GUST,   MAX  ,  MIN  ,PRCP  ,SNDP , FRSHTT,
545110,99999, 20160701,   80.3,24,   59.2,24, 9999.9, 0, 9999.9, 0,   5.3, 7,   4.8,24,  11.7, 999.9,   91.4*,  68.0*, 0.00G,999.9, 000000,
545110,99999, 20160702,   81.8,24,   63.1,24, 9999.9, 0, 9999.9, 0,   3.9, 8,   4.6,24,  11.7,  15.5,   93.2*,  69.6 , 0.00I,999.9, 000000,
545110,99999, 20160703,   82.2,24,   67.3,24, 9999.9, 0, 9999.9, 0,   2.6,13,   5.2,24,  11.7, 999.9,   89.6*,  74.3 , 0.04G,999.9, 010000,
545110,99999, 20160704,   80.9,24,   66.8,24, 9999.9, 0, 9999.9, 0,   3.4,21,   4.7,24,   9.7, 999.9,   89.6*,  71.6*, 0.00I,999.9, 000000,
545110,99999, 20160705,   81.3,24,   63.5,24, 9999.9, 0, 9999.9, 0,   4.0, 9,   4.9,24,   9.7,  15.5,   91.4*,  71.6*, 0.00I,999.9, 000000,
545110,99999, 20160706,   83.7,24,   64.1,24, 9999.9, 0, 9999.9, 0,   3.9,10,   5.0,24,   9.7, 999.9,   93.2*,  72.0 , 0.00I,999.9, 000000,
545110,99999, 20160707,   83.4,24,   67.6,24, 9999.9, 0, 9999.9, 0,   3.7,17,   5.7,24,  11.7, 999.9,   93.2*,  73.9 , 0.00I,999.9, 000000,
545110,99999, 20160708,   83.2,24,   71.4,24, 9999.9, 0, 9999.9, 0,   3.6,18,   4.6,24,   7.8, 999.9,   91.4*,  74.8 , 0.00I,999.9, 000000,
545110,99999, 20160709,   86.7,24,   72.4,24, 9999.9, 0, 9999.9, 0,   3.6,15,   5.1,24,  11.7, 999.9,   96.8*,  77.0*, 0.00I,999.9, 000000,
545110,99999, 20160710,   89.0,24,   70.1,24, 9999.9, 0, 9999.9, 0,   2.8, 9,   6.3,24,  11.7,  17.5,   98.6*,  77.9 , 0.00I,999.9, 000000,
545110,99999, 20160711,   89.6,24,   69.9,24, 9999.9, 0, 9999.9, 0,   3.9, 8,   7.2,24,  13.6,  23.3,   96.8*,  79.3 , 0.00I,999.9, 000000,
545110,99999, 20160712,   77.5,24,   69.9,24, 9999.9, 0, 9999.9, 0,   5.3, 9,   5.4,24,  11.7, 999.9,   84.2*,  71.6*, 0.02G,999.9, 010000,
545110,99999, 20160713,   88.2,24,   61.9,24, 9999.9, 0, 9999.9, 0, 999.9, 0,   4.9,24,   9.7, 999.9,   98.6*,  73.2 , 0.00I,999.9, 000000,
545110,99999, 20160714,   79.7,24,   65.0,24, 9999.9, 0, 9999.9, 0,   3.9,13,   5.1,24,  11.7,  21.4,   91.4*,  68.7*, 0.35G,999.9, 010000,
545110,99999, 20160715,   71.1,24,   65.4,24, 9999.9, 0, 9999.9, 0,   6.4, 9,   5.3,24,   7.8, 999.9,   74.3*,  68.7 , 0.00G,999.9, 010000,
545110,99999, 20160716,   75.1,24,   64.0,24, 9999.9, 0, 9999.9, 0,   5.7, 4,   3.8,24,   7.8, 999.9,   80.6*,  70.3 , 0.00G,999.9, 010000,
545110,99999, 20160717,   79.7,24,   67.9,24, 9999.9, 0, 9999.9, 0,   4.0,24,   3.9,24,   5.8, 999.9,   86.9*,  73.4*, 0.00I,999.9, 000000,
545110,99999, 20160718,   78.4,24,   71.2,24, 9999.9, 0, 9999.9, 0,   3.7,20,   2.8,24,   7.8, 999.9,   86.0*,  74.8 , 0.10G,999.9, 010000,
545110,99999, 20160719,   75.1,24,   71.2,24, 9999.9, 0, 9999.9, 0,   2.4,24,   4.3,24,  11.7, 999.9,   77.0*,  70.3*, 1.33G,999.9, 010000,
545110,99999, 20160720,   71.8,24,   69.9,24, 9999.9, 0, 9999.9, 0,   4.1,24,   9.3,24,  15.5,  29.1,   73.4*,  70.3 ,10.34G,999.9, 010000,
545110,99999, 20160721,   76.0,24,   74.1,24, 9999.9, 0, 9999.9, 0,   4.2,24,   2.9,24,   7.8, 999.9,   80.6*,  71.6 , 0.58G,999.9, 110000,
545110,99999, 20160722,   82.4,24,   75.6,24, 9999.9, 0, 9999.9, 0,   4.3,24,   3.7,24,   9.7, 999.9,   87.8*,  74.3 , 0.00I,999.9, 000000,
545110,99999, 20160723,   81.9,24,   76.3,24, 9999.9, 0, 9999.9, 0,   3.5,19,   4.7,24,  23.3,  33.0,   92.3*,  73.4*,99.99 ,999.9, 010010,
545110,99999, 20160724,   84.4,24,   76.8,24, 9999.9, 0, 9999.9, 0,   4.6,22,   3.6,24,  11.7, 999.9,   93.2*,  75.2*, 0.48G,999.9, 010010,
545110,99999, 20160725,   81.5,24,   72.5,24, 9999.9, 0, 9999.9, 0,   5.8, 8,   5.0,24,   9.7,  19.4,   89.6*,  73.4*, 0.02G,999.9, 010000,
545110,99999, 20160726,   83.5,24,   69.5,24, 9999.9, 0, 9999.9, 0, 999.9, 0,   3.3,24,   7.8, 999.9,   93.2*,  72.7 , 0.00G,999.9, 000000,
545110,99999, 20160727,   82.3,24,   72.2,24, 9999.9, 0, 9999.9, 0,   4.6, 4,   5.2,24,  27.2, 999.9,   95.0*,  71.6*, 0.29G,999.9, 010010,
545110,99999, 20160728,   83.8,24,   74.3,24, 9999.9, 0, 9999.9, 0,   3.5,13,   3.6,24,   7.8, 999.9,   91.4*,  72.5 , 0.28E,999.9, 000000,
545110,99999, 20160729,   84.4,24,   77.2,24, 9999.9, 0, 9999.9, 0,   2.7,24,   4.1,24,   7.8, 999.9,   91.8*,  78.8*,99.99 ,999.9, 010010,
545110,99999, 20160730,   79.2,24,   74.3,24, 9999.9, 0, 9999.9, 0,   2.8,18,   4.5,24,   9.7,  15.5,   89.6*,  71.6*, 0.00G,999.9, 010010,
545110,99999, 20160731,   78.8,24,   74.0,24, 9999.9, 0, 9999.9, 0,   4.7,24,   3.6,24,   9.7, 999.9,   82.8*,  73.4*,99.99 ,999.9, 010000,
545110,99999, 20160801,   82.5,24,   74.9,24, 9999.9, 0, 9999.9, 0,   4.6, 8,   3.7,24,   7.8, 999.9,   89.6*,  75.2*, 0.00G,999.9, 010000,
545110,99999, 20160802,   84.5,24,   72.4,24, 9999.9, 0, 9999.9, 0,   2.8, 6,   4.1,24,   7.8, 999.9,   93.2*,  75.2*, 0.00I,999.9, 000000,
545110,99999, 20160803,   86.7,24,   74.5,24, 9999.9, 0, 9999.9, 0,   3.0,11,   3.5,24,   5.8, 999.9,   96.8*,  77.2 , 0.00I,999.9, 000000,
545110,99999, 20160804,   85.0,24,   75.5,24, 9999.9, 0, 9999.9, 0,   3.2,24,   4.5,24,   7.8, 999.9,   93.2*,  77.0*, 0.00I,999.9, 000000,
545110,99999, 20160805,   84.1,24,   75.5,24, 9999.9, 0, 9999.9, 0,   3.7,21,   3.7,24,   7.8, 999.9,   91.4*,  77.0*, 0.00I,999.9, 000000,
545110,99999, 20160806,   83.5,24,   75.1,24, 9999.9, 0, 9999.9, 0,   4.3,22,   5.4,24,   9.7,  19.4,   91.4*,  73.4*,99.99 ,999.9, 010010,
545110,99999, 20160807,   80.4,24,   72.0,24, 9999.9, 0, 9999.9, 0,   5.1, 8,   3.8,24,   7.8, 999.9,   89.6*,  73.4*, 0.11G,999.9, 010000,
545110,99999, 20160808,   80.9,24,   67.1,24, 9999.9, 0, 9999.9, 0, 999.9, 0,   3.9,24,   9.7, 999.9,   91.4*,  68.0*, 0.00I,999.9, 000000,
545110,99999, 20160809,   83.5,24,   71.6,24, 9999.9, 0, 9999.9, 0,   3.8,15,   4.5,24,  11.7, 999.9,   89.6*,  71.2 , 0.00I,999.9, 000000,
545110,99999, 20160810,   86.6,24,   76.4,24, 9999.9, 0, 9999.9, 0,   4.4,22,   6.3,24,   9.7, 999.9,   93.2*,  78.4 , 0.00I,999.9, 000000,
545110,99999, 20160811,   88.1,24,   79.2,24, 9999.9, 0, 9999.9, 0,   3.6,24,   4.6,24,   9.7, 999.9,   95.0*,  80.4 ,99.99 ,999.9, 010000,
545110,99999, 20160812,   80.4,24,   74.9,24, 9999.9, 0, 9999.9, 0,   3.5, 7,   5.1,24,  13.6, 999.9,   91.4*,  75.2*, 1.98G,999.9, 010010,
545110,99999, 20160813,   79.8,24,   66.6,24, 9999.9, 0, 9999.9, 0, 999.9, 0,   6.2,24,  13.6,  23.3,   89.6*,  69.8*, 0.00G,999.9, 010000,
545110,99999, 20160814,   84.4,24,   68.5,24, 9999.9, 0, 9999.9, 0,   6.7, 7,   4.5,24,   9.7, 999.9,   93.2*,  69.8*, 0.15G,999.9, 010000,
545110,99999, 20160815,   74.4,24,   64.1,24, 9999.9, 0, 9999.9, 0,   6.2, 5,   4.3,24,   7.8,  19.4,   82.4*,  66.2*, 0.07G,999.9, 010000,
545110,99999, 20160816,   81.0,24,   68.5,24, 9999.9, 0, 9999.9, 0,   6.4, 4,   4.4,24,   7.8, 999.9,   89.6*,  67.3 , 0.00G,999.9, 000000,
545110,99999, 20160817,   77.4,24,   72.6,24, 9999.9, 0, 9999.9, 0,   3.1,24,   2.6,24,   5.8,  11.7,   82.4*,  74.7 , 0.00G,999.9, 010000,
545110,99999, 20160818,   73.8,24,   71.1,24, 9999.9, 0, 9999.9, 0,   2.1,18,   5.7,24,   9.7, 999.9,   78.8*,  71.6*, 0.70G,999.9, 010000,
545110,99999, 20160819,   81.5,24,   69.9,24, 9999.9, 0, 9999.9, 0, 999.9, 0,   5.0,24,  11.7, 999.9,   91.4*,  71.6*, 0.62G,999.9, 000000,
545110,99999, 20160820,   80.2,24,   68.8,24, 9999.9, 0, 9999.9, 0, 999.9, 0,   3.2,24,   5.8, 999.9,   89.6*,  71.6*, 0.00G,999.9, 000000,
545110,99999, 20160821,   83.5,24,   72.3,24, 9999.9, 0, 9999.9, 0,   2.9, 5,   4.4,24,   7.8, 999.9,   93.2*,  74.3 , 0.00I,999.9, 000000,
545110,99999, 20160822,   83.7,24,   67.6,24, 9999.9, 0, 9999.9, 0,   4.1, 5,   4.9,24,   9.7, 999.9,   93.2*,  75.2 , 0.00I,999.9, 000000,
545110,99999, 20160823,   79.6,24,   69.2,24, 9999.9, 0, 9999.9, 0,   3.7, 8,   3.6,24,   5.8, 999.9,   86.0*,  73.4*, 0.01G,999.9, 010000,
545110,99999, 20160824,   82.8,24,   70.8,24, 9999.9, 0, 9999.9, 0,   4.2, 8,   4.8,24,  13.6,  17.5,   89.6*,  76.5 ,99.99 ,999.9, 010000,
545110,99999, 20160825,   73.1,24,   51.4,24, 9999.9, 0, 9999.9, 0, 999.9, 0,   7.6,24,  17.5,  27.2,   86.0*,  59.0*, 0.00I,999.9, 000000,
545110,99999, 20160826,   74.5,24,   50.9,24, 9999.9, 0, 9999.9, 0, 999.9, 0,   4.9,24,   9.7,  17.5,   87.8*,  60.8 , 0.00I,999.9, 000000,
545110,99999, 20160827,   75.9,24,   50.8,24, 9999.9, 0, 9999.9, 0, 999.9, 0,   5.7,24,  17.5,  19.4,   91.4*,  60.8*,99.99 ,999.9, 010000,
545110,99999, 20160828,   77.3,24,   51.4,24, 9999.9, 0, 9999.9, 0, 999.9, 0,   4.7,24,   9.7,  15.5,   91.4*,  60.8*, 0.00I,999.9, 000000,
545110,99999, 20160829,   76.7,24,   56.0,24, 9999.9, 0, 9999.9, 0, 999.9, 0,   3.7,24,   7.8, 999.9,   87.8*,  64.4*, 0.00I,999.9, 000000,
545110,99999, 20160830,   76.4,24,   58.9,24, 9999.9, 0, 9999.9, 0, 999.9, 0,   4.1,24,   9.7, 999.9,   91.4*,  62.6*,99.99 ,999.9, 010000,
545110,99999, 20160831,   84.8,24,   34.2,24, 9999.9, 0, 9999.9, 0, 999.9, 0,  13.0,24,  21.4,  31.1,   96.8*,  64.6 , 0.00I,999.9, 000000,
545110,99999, 20160901,   72.8,24,   53.2,24, 9999.9, 0, 9999.9, 0, 999.9, 0,   4.9,24,  19.4,  23.3,   78.8*,  66.2*,99.99 ,999.9, 010000,
545110,99999, 20160902,   74.9,24,   60.5,24, 9999.9, 0, 9999.9, 0, 999.9, 0,   4.4,24,   9.7,  15.5,   86.0*,  66.2*,99.99 ,999.9, 010000,
545110,99999, 20160903,   78.4,24,   63.6,24, 9999.9, 0, 9999.9, 0,   4.5, 8,   4.2,24,   7.8,  19.4,   87.8*,  66.6 , 0.00I,999.9, 000000,
545110,99999, 20160904,   74.8,24,   64.4,24, 9999.9, 0, 9999.9, 0,   2.8, 7,   5.3,24,   9.7, 999.9,   86.0*,  62.6*, 0.00I,999.9, 000000,
545110,99999, 20160905,   76.2,24,   59.5,24, 9999.9, 0, 9999.9, 0, 999.9, 0,   5.3,24,  11.7,  21.4,   89.6*,  64.4*, 0.00I,999.9, 000000,
545110,99999, 20160906,   79.9,24,   56.5,24, 9999.9, 0, 9999.9, 0, 999.9, 0,   6.0,24,  13.6,  17.5,   89.6*,  68.0*, 0.01G,999.9, 010000,
545110,99999, 20160907,   73.1,24,   59.9,24, 9999.9, 0, 9999.9, 0,   5.8, 5,   5.1,24,  13.6,  17.5,   86.0*,  60.8*, 0.41G,999.9, 010010,
545110,99999, 20160908,   76.3,24,   55.1,24, 9999.9, 0, 9999.9, 0, 999.9, 0,   5.3,24,   9.7,  21.4,   91.4*,  60.8*, 0.04E,999.9, 000000,
545110,99999, 20160909,   75.6,24,   55.1,24, 9999.9, 0, 9999.9, 0, 999.9, 0,   5.4,24,   9.7,  17.5,   89.6*,  60.8*, 0.00I,999.9, 000000,
545110,99999, 20160910,   75.8,24,   57.0,24, 9999.9, 0, 9999.9, 0,   5.9,10,   5.2,24,  11.7,  21.4,   87.8*,  60.8*, 0.14G,999.9, 010010,
545110,99999, 20160911,   69.6,24,   61.9,24, 9999.9, 0, 9999.9, 0,   5.5, 5,   3.8,24,   7.8, 999.9,   77.0*,  62.6*, 0.00A,999.9, 000010,
545110,99999, 20160912,   73.1,24,   62.1,24, 9999.9, 0, 9999.9, 0,   3.8, 8,   3.8,24,   9.7, 999.9,   82.4*,  62.6 ,99.99 ,999.9, 010010,
545110,99999, 20160913,   72.1,24,   65.8,24, 9999.9, 0, 9999.9, 0,   2.6,21,   2.8,24,   5.8, 999.9,   81.0*,  64.4*, 0.00I,999.9, 000000,
545110,99999, 20160914,   73.3,24,   65.5,24, 9999.9, 0, 9999.9, 0,   3.2,15,   3.6,24,  17.5,  27.2,   86.0*,  64.4*,99.99 ,999.9, 010010,
545110,99999, 20160915,   76.4,24,   66.6,24, 9999.9, 0, 9999.9, 0,   3.0,19,   3.5,24,   7.8, 999.9,   86.0*,  68.0*, 0.00I,999.9, 000000,
545110,99999, 20160916,   74.7,24,   66.8,24, 9999.9, 0, 9999.9, 0,   3.0,20,   3.4,24,  13.6,  29.1,   86.0*,  66.2*,99.99 ,999.9, 010010,
545110,99999, 20160917,   68.8,24,   62.1,24, 9999.9, 0, 9999.9, 0,   5.5, 8,   3.1,24,  11.7, 999.9,   73.4*,  64.4*, 0.40G,999.9, 010010,
545110,99999, 20160918,   63.0,24,   57.2,24, 9999.9, 0, 9999.9, 0,   6.0, 5,   5.6,24,   9.7, 999.9,   73.4*,  53.6*, 0.39E,999.9, 010000,
545110,99999, 20160919,   65.6,24,   50.2,24, 9999.9, 0, 9999.9, 0, 999.9, 0,   5.3,24,  11.7,  15.5,   78.8*,  51.8*, 0.00I,999.9, 000000,
545110,99999, 20160920,   67.0,24,   51.8,24, 9999.9, 0, 9999.9, 0, 999.9, 0,   3.6,24,   9.7, 999.9,   80.6*,  55.9 ,99.99 ,999.9, 010000,
545110,99999, 20160921,   64.5,24,   57.6,24, 9999.9, 0, 9999.9, 0,   4.6,12,   3.0,24,   5.8, 999.9,   74.3*,  59.0*,99.99 ,999.9, 010000,
545110,99999, 20160922,   68.0,24,   61.1,24, 9999.9, 0, 9999.9, 0,   3.4,24,   3.1,24,   7.8, 999.9,   77.0*,  59.7 , 0.19G,999.9, 110010,
545110,99999, 20160923,   70.2,24,   63.2,24, 9999.9, 0, 9999.9, 0,   2.8,22,   4.0,24,   9.7, 999.9,   78.8*,  62.6*, 0.14G,999.9, 110010,
545110,99999, 20160924,   72.6,24,   64.9,24, 9999.9, 0, 9999.9, 0,   2.2,19,   3.0,24,   5.8, 999.9,   80.6*,  64.0 , 0.15G,999.9, 000000,
545110,99999, 20160925,   72.2,24,   64.7,24, 9999.9, 0, 9999.9, 0,   2.5,24,   4.5,24,   9.7,  19.4,   79.7*,  64.4*, 0.83G,999.9, 010010,
545110,99999, 20160926,   66.3,24,   61.8,24, 9999.9, 0, 9999.9, 0,   3.5,21,   5.6,24,  23.3,  31.1,   71.6*,  60.8*, 0.20G,999.9, 110000,
545110,99999, 20160927,   60.0,24,   37.8,24, 9999.9, 0, 9999.9, 0, 999.9, 0,  10.3,24,  21.4,  33.0,   71.6*,  46.4*, 0.06G,999.9, 000000,
545110,99999, 20160928,   55.3,24,   38.5,24, 9999.9, 0, 9999.9, 0, 999.9, 0,   3.9,24,   9.7,  15.5,   69.8*,  42.8*, 0.00G,999.9, 000000,
545110,99999, 20160929,   59.8,24,   45.6,24, 9999.9, 0, 9999.9, 0,   4.8,14,   4.0,24,   9.7, 999.9,   71.6*,  47.1 , 0.00I,999.9, 000000,
545110,99999, 20160930,   64.1,24,   50.9,24, 9999.9, 0, 9999.9, 0,   4.2,17,   3.4,24,   5.8,  13.6,   75.2*,  53.8 , 0.00I,999.9, 000000,
545110,99999, 20161001,   64.9,24,   55.3,24, 9999.9, 0, 9999.9, 0,   2.5,24,   2.8,24,   5.8, 999.9,   75.4*,  55.4*,99.99 ,999.9, 010000,
545110,99999, 20161002,   68.9,24,   59.5,24, 9999.9, 0, 9999.9, 0,   2.8,24,   3.4,24,   9.7, 999.9,   77.0*,  58.1 ,99.99 ,999.9, 010000,
545110,99999, 20161003,   71.6,24,   59.6,24, 9999.9, 0, 9999.9, 0,   4.1,22,   5.6,24,  15.5,  21.4,   84.2*,  60.8*,99.99 ,999.9, 010000,
545110,99999, 20161004,   59.0,24,   54.7,24, 9999.9, 0, 9999.9, 0,   4.9,19,   4.6,24,  11.7,  21.4,   63.7*,  53.6*, 0.25G,999.9, 010000,
545110,99999, 20161005,   60.9,24,   55.6,24, 9999.9, 0, 9999.9, 0,   3.9,24,   3.9,24,   9.7, 999.9,   69.8*,  53.6*,99.99 ,999.9, 010000,
545110,99999, 20161006,   58.5,24,   54.1,24, 9999.9, 0, 9999.9, 0,   4.8,24,   5.2,24,   9.7, 999.9,   64.6*,  53.6*, 0.95G,999.9, 010000,
545110,99999, 20161007,   55.1,24,   46.6,24, 9999.9, 0, 9999.9, 0,   2.6,15,   6.6,24,  17.5,  23.3,   59.0*,  48.2*, 0.53G,999.9, 010000,
545110,99999, 20161008,   49.6,24,   33.5,24, 9999.9, 0, 9999.9, 0, 999.9, 0,   7.1,24,  19.4,  29.1,   64.4*,  39.2*, 0.30G,999.9, 000000,
545110,99999, 20161009,   49.6,24,   38.6,24, 9999.9, 0, 9999.9, 0, 999.9, 0,   3.5,24,  11.7, 999.9,   64.4*,  41.0*, 0.00G,999.9, 000000,
545110,99999, 20161010,   53.3,24,   45.4,24, 9999.9, 0, 9999.9, 0,   3.0,20,   3.3,24,   7.8, 999.9,   64.4*,  43.0 , 0.00I,999.9, 000000,
545110,99999, 20161011,   57.8,24,   48.8,24, 9999.9, 0, 9999.9, 0,   3.4,17,   3.8,24,   9.7, 999.9,   66.2*,  47.1 ,99.99 ,999.9, 010000,
545110,99999, 20161012,   56.9,24,   50.6,24, 9999.9, 0, 9999.9, 0,   3.6,24,   2.6,24,   7.8, 999.9,   64.6*,  48.2*, 0.00I,999.9, 000000,
545110,99999, 20161013,   60.1,24,   54.9,24, 9999.9, 0, 9999.9, 0,   1.6,24,   2.7,24,   3.9, 999.9,   69.8*,  50.0 , 0.00I,999.9, 100000,
545110,99999, 20161014,   57.7,24,   54.6,24, 9999.9, 0, 9999.9, 0,   1.1,24,   2.8,24,   5.8, 999.9,   70.5*,  48.2*, 0.00I,999.9, 100000,
545110,99999, 20161015,   59.0,24,   55.3,24, 9999.9, 0, 9999.9, 0,   1.7,24,   2.5,24,   5.8, 999.9,   62.6*,  51.4 , 0.01G,999.9, 010000,
545110,99999, 20161016,   57.7,24,   53.6,24, 9999.9, 0, 9999.9, 0,   2.2,24,   4.0,24,  11.7, 999.9,   67.1*,  46.4*, 0.01E,999.9, 100000,
545110,99999, 20161017,   61.7,24,   48.5,24, 9999.9, 0, 9999.9, 0,   3.9, 6,   3.8,24,   7.8, 999.9,   71.6*,  50.5 , 0.00I,999.9, 000000,
545110,99999, 20161018,   60.8,24,   56.7,24, 9999.9, 0, 9999.9, 0,   2.0,24,   2.4,24,   5.8, 999.9,   64.4*,  56.7 , 0.00I,999.9, 000000,
545110,99999, 20161019,   61.6,24,   57.3,24, 9999.9, 0, 9999.9, 0,   1.3,24,   3.6,24,  11.7, 999.9,   68.0*,  55.4*, 0.00I,999.9, 100000,
545110,99999, 20161020,   54.5,24,   45.9,24, 9999.9, 0, 9999.9, 0,   5.0,16,   5.8,24,  13.6,  19.4,   59.0*,  50.0*, 0.17G,999.9, 010000,
545110,99999, 20161021,   52.0,24,   48.3,24, 9999.9, 0, 9999.9, 0,   3.2,15,   3.9,24,   7.8,  17.5,   55.4*,  49.8*, 0.28G,999.9, 010000,
545110,99999, 20161022,   50.5,24,   39.5,24, 9999.9, 0, 9999.9, 0, 999.9, 0,   5.7,24,   9.7, 999.9,   59.0*,  41.0*, 0.04E,999.9, 000000,
545110,99999, 20161023,   50.0,24,   38.7,24, 9999.9, 0, 9999.9, 0, 999.9, 0,   2.8,24,   7.8,  11.7,   60.8*,  41.0*, 0.00I,999.9, 000000,
545110,99999, 20161024,   47.6,24,   43.7,24, 9999.9, 0, 9999.9, 0,   3.2,23,   2.4,24,   5.8, 999.9,   53.1*,  41.0*, 0.00G,999.9, 110000,
545110,99999, 20161025,   53.0,24,   45.6,24, 9999.9, 0, 9999.9, 0,   3.6,22,   4.6,24,   9.7, 999.9,   64.4*,  41.9 , 0.00I,999.9, 000000,
545110,99999, 20161026,   53.8,24,   33.1,24, 9999.9, 0, 9999.9, 0,   7.9, 7,   5.9,24,  11.7,  15.5,   64.4*,  48.2*,99.99 ,999.9, 010000,
545110,99999, 20161027,   46.7,24,   41.0,24, 9999.9, 0, 9999.9, 0,   5.1,15,   4.9,24,   9.7,  17.5,   50.0*,  37.4*, 0.57G,999.9, 010000,
545110,99999, 20161028,   43.9,24,   21.4,24, 9999.9, 0, 9999.9, 0, 999.9, 0,   8.7,24,  19.4,  29.1,   55.4*,  28.4*, 0.03E,999.9, 000000,
545110,99999, 20161029,   42.7,24,   27.0,24, 9999.9, 0, 9999.9, 0, 999.9, 0,   5.0,24,  13.6, 999.9,   55.4*,  32.5 , 0.00I,999.9, 000000,
545110,99999, 20161030,   42.3,24,   18.1,24, 9999.9, 0, 9999.9, 0,   4.2, 5,   9.6,24,  19.4,  27.2,   53.6*,  26.6*, 0.00I,999.9, 000000,
545110,99999, 20161031,   35.7,24,    5.7,24, 9999.9, 0, 9999.9, 0, 999.9, 0,   7.2,24,  15.5,  25.3,   44.6*,  21.2*, 0.00I,999.9, 000000,
545110,99999, 20161101,   34.9,24,   21.2,24, 9999.9, 0, 9999.9, 0,   4.6, 7,   2.7,24,   7.8,  19.4,   46.4*,  24.8 , 0.00I,999.9, 000000,
545110,99999, 20161102,   40.5,24,   27.7,24, 9999.9, 0, 9999.9, 0,   4.2,13,   3.6,24,   9.7,  17.5,   55.4*,  28.4*, 0.00I,999.9, 000000,
545110,99999, 20161103,   40.5,24,   35.3,24, 9999.9, 0, 9999.9, 0,   1.5,24,   2.9,24,   5.8,  15.5,   53.6*,  30.2*, 0.00I,999.9, 100000,
545110,99999, 20161104,   43.5,24,   41.0,24, 9999.9, 0, 9999.9, 0,   0.5,24,   3.4,24,   7.8, 999.9,   53.6*,  32.0*,99.99 ,999.9, 110000,
545110,99999, 20161105,   47.5,24,   39.0,24, 9999.9, 0, 9999.9, 0,   2.8,22,   4.9,24,  13.6, 999.9,   64.4*,  39.2*, 0.00I,999.9, 100000,
545110,99999, 20161106,   44.8,24,   28.8,24, 9999.9, 0, 9999.9, 0,   5.6, 4,   5.4,24,   9.7, 999.9,   50.0*,  39.2*,99.99 ,999.9, 010000,
545110,99999, 20161107,   43.8,24,   21.6,24, 9999.9, 0, 9999.9, 0, 999.9, 0,  10.4,24,  19.4,  33.0,   55.4*,  26.6*, 0.02G,999.9, 000000,
545110,99999, 20161108,   39.1,24,   25.2,24, 9999.9, 0, 9999.9, 0,   4.4,13,   3.2,24,   7.8,  19.4,   52.2*,  28.4*, 0.00G,999.9, 000000,
545110,99999, 20161109,   40.4,24,   33.6,24, 9999.9, 0, 9999.9, 0,   2.0,24,   3.5,24,   7.8, 999.9,   44.6*,  32.0*, 0.00I,999.9, 000000,
545110,99999, 20161110,   41.5,23,   30.9,22, 9999.9, 0, 9999.9, 0,   2.2,16,   4.6,23,  15.5,  23.3,   51.8*,  30.2*, 0.02G,999.9, 110000,
545110,99999, 20161112,   46.8,24,   35.0,24, 9999.9, 0, 9999.9, 0,   4.6,10,   3.6,24,   7.8, 999.9,   55.4*,  33.1 , 0.00I,999.9, 000000,
545110,99999, 20161113,   45.4,24,   38.8,24, 9999.9, 0, 9999.9, 0,   2.6,24,   3.4,24,  15.5,  25.3,   48.6*,  39.2*, 0.00I,999.9, 000000,
545110,99999, 20161114,   45.2,22,    8.3,21, 9999.9, 0, 9999.9, 0, 999.9, 0,   7.9,21,  19.4,  21.4,   57.2*,  26.6*, 0.00I,999.9, 000000,
545110,99999, 20161115,   40.0,24,   24.9,24, 9999.9, 0, 9999.9, 0,   4.2,13,   3.7,24,   7.8, 999.9,   50.9*,  29.3 , 0.00I,999.9, 000000,
545110,99999, 20161116,   41.6,24,   31.6,24, 9999.9, 0, 9999.9, 0,   3.3,20,   3.1,24,   9.7, 999.9,   53.6*,  33.8*, 0.00I,999.9, 000000,
545110,99999, 20161117,   43.0,24,   32.2,24, 9999.9, 0, 9999.9, 0,   3.1,24,   2.7,24,   3.9, 999.9,   44.6*,  38.7 , 0.00I,999.9, 000000,
545110,99999, 20161118,   43.7,24,   40.8,24, 9999.9, 0, 9999.9, 0,   1.1,24,   2.8,24,   9.7, 999.9,   46.4*,  39.2*, 0.01G,999.9, 110000,
545110,99999, 20161119,   47.7,24,   33.9,24, 9999.9, 0, 9999.9, 0,   4.4,14,   6.0,24,   9.7, 999.9,   60.1*,  37.4*, 0.01E,999.9, 010000,
545110,99999, 20161120,   34.7,24,   30.3,24, 9999.9, 0, 9999.9, 0,   3.9,24,   8.3,24,  15.5,  27.2,   39.2*,  28.4*, 0.22G,999.9, 011000,
545110,99999, 20161121,   26.7,24,    5.3,24, 9999.9, 0, 9999.9, 0,   5.4, 4,  16.9,24,  23.3,  35.0,   33.8*,  19.4*, 0.05G,999.9, 001000,
545110,99999, 20161122,   25.9,24,    2.5,24, 9999.9, 0, 9999.9, 0, 999.9, 0,  10.4,24,  17.5,  33.0,   32.0*,  15.8*, 0.02G,999.9, 000000,
545110,99999, 20161123,   28.8,23,    4.0,23, 9999.9, 0, 9999.9, 0, 999.9, 0,   7.2,23,  17.5,  27.2,   37.4*,  15.8*, 0.00G,999.9, 000000,
545110,99999, 20161124,   28.6,24,   14.1,24, 9999.9, 0, 9999.9, 0,   3.4,14,   3.1,24,   7.8, 999.9,   39.4*,  19.4*, 0.00I,999.9, 000000,
545110,99999, 20161125,   32.0,24,   20.3,24, 9999.9, 0, 9999.9, 0,   2.6,24,   2.7,24,   7.8, 999.9,   41.0*,  23.0*, 0.00I,999.9, 000000,
545110,99999, 20161126,   35.0,24,   22.3,24, 9999.9, 0, 9999.9, 0,   2.5,24,   4.8,24,   9.7,  19.4,   50.0*,  24.8*, 0.00I,999.9, 000000,
545110,99999, 20161127,   33.4,24,    9.5,24, 9999.9, 0, 9999.9, 0, 999.9, 0,   5.8,24,  19.4,  25.3,   46.4*,  19.4*, 0.00I,999.9, 000000,
545110,99999, 20161128,   32.4,24,   17.1,24, 9999.9, 0, 9999.9, 0,   3.8,11,   2.9,24,   5.8, 999.9,   46.8*,  21.2*, 0.00I,999.9, 000000,
545110,99999, 20161129,   35.2,24,   26.4,24, 9999.9, 0, 9999.9, 0,   3.8,24,   3.0,24,   7.8, 999.9,   39.4*,  23.0*, 0.00I,999.9, 000000,
545110,99999, 20161130,   39.9,24,   20.1,24, 9999.9, 0, 9999.9, 0,   2.7, 8,   6.6,24,  19.4,  29.1,   51.8*,  26.6*, 0.00I,999.9, 000000,
545110,99999, 20161201,   35.1,24,   14.2,24, 9999.9, 0, 9999.9, 0,   6.6, 7,   4.3,24,  13.6,  21.4,   50.0*,  21.2*, 0.00I,999.9, 000000,
545110,99999, 20161202,   34.4,24,   19.6,24, 9999.9, 0, 9999.9, 0,   3.7,16,   3.0,24,   5.8, 999.9,   50.0*,  23.0*, 0.00I,999.9, 000000,
545110,99999, 20161203,   34.0,24,   27.1,24, 9999.9, 0, 9999.9, 0,   1.7,24,   2.7,24,   7.8, 999.9,   45.9*,  24.8*, 0.00I,999.9, 100000,
545110,99999, 20161204,   35.6,24,   25.7,24, 9999.9, 0, 9999.9, 0,   2.8,24,   3.4,24,   9.7,  13.6,   50.0*,  26.6*, 0.00I,999.9, 100000,
545110,99999, 20161205,   31.1,24,    7.0,24, 9999.9, 0, 9999.9, 0, 999.9, 0,   8.4,24,  27.2,  40.8,   44.6*,  15.8*, 0.00I,999.9, 000000,
545110,99999, 20161206,   30.7,24,   13.7,24, 9999.9, 0, 9999.9, 0,   3.7,11,   3.3,24,   7.8,  11.7,   42.8*,  21.2*, 0.00I,999.9, 000000,
545110,99999, 20161207,   35.8,24,   24.3,24, 9999.9, 0, 9999.9, 0,   2.9,24,   3.8,24,   7.8, 999.9,   46.8*,  24.8*, 0.00I,999.9, 000000,
545110,99999, 20161208,   36.6,24,   12.2,24, 9999.9, 0, 9999.9, 0,   1.5, 4,  10.8,24,  25.3,  35.0,   48.2*,  24.8*, 0.00I,999.9, 000000,
545110,99999, 20161209,   30.8,24,   10.4,24, 9999.9, 0, 9999.9, 0,   6.7, 6,   4.2,24,   9.7,  31.1,   42.8*,  17.6*, 0.00I,999.9, 000000,
545110,99999, 20161210,   28.6,24,   10.7,24, 9999.9, 0, 9999.9, 0,   4.0,12,   2.7,24,   9.7, 999.9,   42.8*,  19.4*, 0.00I,999.9, 000000,
545110,99999, 20161211,   33.0,24,   22.5,24, 9999.9, 0, 9999.9, 0,   2.2,24,   3.3,24,   5.8, 999.9,   38.7*,  23.0 , 0.00I,999.9, 000000,
545110,99999, 20161212,   35.5,24,   22.3,24, 9999.9, 0, 9999.9, 0,   2.2,20,   4.6,24,   9.7, 999.9,   44.6*,  26.6*, 0.00I,999.9, 000000,
545110,99999, 20161213,   31.6,24,    3.1,24, 9999.9, 0, 9999.9, 0, 999.9, 0,   7.2,24,  11.7,  17.5,   41.0*,  19.4*, 0.00I,999.9, 000000,
545110,99999, 20161214,   28.5,24,    5.2,24, 9999.9, 0, 9999.9, 0,   7.1, 5,   4.0,24,  17.5,  27.2,   39.2*,  15.8*, 0.00I,999.9, 000000,
545110,99999, 20161215,   29.7,24,    6.0,24, 9999.9, 0, 9999.9, 0, 999.9, 0,   8.4,24,  21.4,  33.0,   41.0*,  15.8*, 0.00I,999.9, 000000,
545110,99999, 20161216,   30.6,24,   14.3,24, 9999.9, 0, 9999.9, 0,   2.8,12,   2.9,24,   5.8, 999.9,   44.6*,  17.6*, 0.00I,999.9, 000000,
545110,99999, 20161217,   30.0,24,   20.7,24, 9999.9, 0, 9999.9, 0,   1.8,24,   2.3,24,   7.8, 999.9,   41.0*,  19.4*, 0.00I,999.9, 100000,
545110,99999, 20161218,   30.6,24,   19.7,24, 9999.9, 0, 9999.9, 0,   2.5,24,   3.0,24,   7.8, 999.9,   46.4*,  21.2*, 0.00I,999.9, 100000,
545110,99999, 20161219,   31.5,24,   22.3,24, 9999.9, 0, 9999.9, 0,   2.0,24,   2.5,24,   3.9, 999.9,   48.2*,  21.2*, 0.00I,999.9, 100000,
545110,99999, 20161220,   28.2,24,   26.6,24, 9999.9, 0, 9999.9, 0,   0.7,24,   3.0,24,   5.8, 999.9,   32.0*,  23.0*,99.99 ,999.9, 101000,
545110,99999, 20161221,   33.4,24,   25.9,24, 9999.9, 0, 9999.9, 0,   0.9,21,   3.5,24,  17.5,  27.2,   39.2*,  24.8*, 0.00I,999.9, 100000,
545110,99999, 20161222,   32.8,24,    7.9,24, 9999.9, 0, 9999.9, 0, 999.9, 0,   9.9,24,  17.5,  27.2,   42.8*,  19.4*, 0.00I,999.9, 000000,
545110,99999, 20161223,   27.8,24,    9.4,24, 9999.9, 0, 9999.9, 0,   5.2, 9,   3.6,24,   9.7, 999.9,   39.2*,  17.6*, 0.00I,999.9, 000000,
545110,99999, 20161224,   26.5,24,   16.9,24, 9999.9, 0, 9999.9, 0,   4.1,24,   2.4,24,   5.8, 999.9,   39.2*,  19.4*, 0.00I,999.9, 000000,
545110,99999, 20161225,   31.0,24,   21.6,24, 9999.9, 0, 9999.9, 0,   2.9,23,   3.2,24,   5.8, 999.9,   35.8*,  24.8*, 0.00I,999.9, 000000,
545110,99999, 20161226,   29.1,24,    2.0,24, 9999.9, 0, 9999.9, 0, 999.9, 0,   5.4,24,   9.7, 999.9,   39.2*,  15.8*, 0.00I,999.9, 000000,
545110,99999, 20161227,   29.2,24,   11.0,24, 9999.9, 0, 9999.9, 0,   4.1, 9,   5.0,24,   9.7, 999.9,   37.4*,  19.4*, 0.00I,999.9, 000000,
545110,99999, 20161228,   28.1,24,    1.9,24, 9999.9, 0, 9999.9, 0,   3.3, 4,  10.4,24,  19.4,  25.3,   37.4*,  15.8*, 0.00I,999.9, 000000,
545110,99999, 20161229,   24.9,24,    6.0,24, 9999.9, 0, 9999.9, 0,   3.6,12,   3.6,24,   9.7,  11.7,   35.6*,  10.4*, 0.00I,999.9, 000000,
545110,99999, 20161230,   22.7,24,   14.0,24, 9999.9, 0, 9999.9, 0,   2.7,24,   2.1,24,   3.9, 999.9,   34.2*,  10.4*, 0.00I,999.9, 000000,
545110,99999, 20161231,   26.1,24,   17.4,24, 9999.9, 0, 9999.9, 0,   1.7,24,   2.5,24,   3.9, 999.9,   37.4*,  15.8*,99.99 ,999.9, 101000,
545110,99999, 20170101,   24.0,24,   20.6,24, 9999.9, 0, 9999.9, 0,   0.8,24,   3.2,24,   7.8, 999.9,   32.0*,  15.8*,99.99 ,999.9, 101000,
545110,99999, 20170102,   29.8,24,   16.7,24, 9999.9, 0, 9999.9, 0,   2.1,20,   3.8,24,   9.7, 999.9,   48.2*,  15.8*, 0.00I,999.9, 100000,
545110,99999, 20170103,   29.0,24,   19.4,24, 9999.9, 0, 9999.9, 0,   1.5,24,   2.6,24,   7.8, 999.9,   48.2*,  15.8*, 0.00I,999.9, 100000,
545110,99999, 20170104,   31.9,24,   26.2,24, 9999.9, 0, 9999.9, 0,   1.3,24,   3.7,24,   7.8, 999.9,   42.8*,  15.8*, 0.00G,999.9, 100000,
545110,99999, 20170105,   30.4,24,   23.6,24, 9999.9, 0, 9999.9, 0,   1.6,24,   2.7,24,   7.8, 999.9,   39.2*,  21.2*,99.99 ,999.9, 001000,
545110,99999, 20170106,   32.8,24,   25.1,24, 9999.9, 0, 9999.9, 0,   1.6,24,   2.1,24,   3.9, 999.9,   41.4*,  23.7 , 0.00I,999.9, 000000,
545110,99999, 20170107,   33.7,24,   27.6,24, 9999.9, 0, 9999.9, 0,   1.2,18,   4.5,24,  13.6,  17.5,   38.7*,  31.3*, 0.01G,999.9, 111000,
545110,99999, 20170108,   36.9,24,   11.1,24, 9999.9, 0, 9999.9, 0, 999.9, 0,  13.3,24,  21.4,  27.2,   44.6*,  26.6*, 0.00I,999.9, 000000,
545110,99999, 20170109,   32.6,24,    7.5,24, 9999.9, 0, 9999.9, 0, 999.9, 0,   9.3,24,  17.5, 999.9,   41.0*,  24.8*, 0.00I,999.9, 000000,
545110,99999, 20170110,   27.6,24,    2.7,24, 9999.9, 0, 9999.9, 0, 999.9, 0,   6.3,24,  17.5,  29.1,   39.6*,  12.2*, 0.00I,999.9, 000000,
545110,99999, 20170111,   30.5,24,    7.5,24, 9999.9, 0, 9999.9, 0, 999.9, 0,   6.0,24,  19.4,  29.1,   44.6*,  14.0*, 0.00I,999.9, 000000,
545110,99999, 20170112,   35.0,24,    7.0,24, 9999.9, 0, 9999.9, 0, 999.9, 0,  11.7,24,  23.3,  33.0,   44.6*,  17.6*, 0.00I,999.9, 000000,
545110,99999, 20170113,   29.0,24,   -6.5,24, 9999.9, 0, 9999.9, 0, 999.9, 0,  12.5,24,  19.4,  27.2,   37.4*,  15.8*, 0.00I,999.9, 000000,
545110,99999, 20170114,   28.2,24,    4.5,24, 9999.9, 0, 9999.9, 0, 999.9, 0,   4.5,24,   9.7, 999.9,   37.4*,  19.4*,99.99 ,999.9, 001000,
545110,99999, 20170115,   26.6,24,   18.1,24, 9999.9, 0, 9999.9, 0,   5.8,18,   3.6,24,   7.8,  17.5,   32.0*,  19.4*,99.99 ,999.9, 001000,
545110,99999, 20170116,   29.1,24,   20.9,24, 9999.9, 0, 9999.9, 0,   2.6,24,   2.2,24,   3.9, 999.9,   32.0*,  24.1 ,99.99 ,999.9, 001000,
545110,99999, 20170117,   27.4,24,   15.2,24, 9999.9, 0, 9999.9, 0,   2.8,18,   4.2,24,  11.7, 999.9,   37.4*,  17.6*, 0.00I,999.9, 000000,
545110,99999, 20170118,   27.8,24,    8.5,24, 9999.9, 0, 9999.9, 0,   4.0,12,   4.5,24,   9.7, 999.9,   35.6*,  21.6 ,99.99 ,999.9, 001000,
545110,99999, 20170119,   21.5,24,   -3.6,24, 9999.9, 0, 9999.9, 0, 999.9, 0,  17.6,24,  31.1,  44.7,   30.6*,   8.6*, 0.00I,999.9, 000000,
545110,99999, 20170120,   20.9,24,   -2.0,24, 9999.9, 0, 9999.9, 0, 999.9, 0,   4.3,24,  13.6, 999.9,   32.0*,  10.4*, 0.00I,999.9, 000000,
545110,99999, 20170121,   22.9,24,   -7.3,24, 9999.9, 0, 9999.9, 0, 999.9, 0,  12.7,24,  23.3,  33.0,   33.8*,  10.4*, 0.00I,999.9, 000000,
545110,99999, 20170122,   20.1,24,   -2.1,24, 9999.9, 0, 9999.9, 0, 999.9, 0,   3.9,24,   7.8,  13.6,   32.0*,   6.8*, 0.00I,999.9, 000000,
545110,99999, 20170123,   19.7,24,    2.3,24, 9999.9, 0, 9999.9, 0,   4.5,10,   2.7,24,   7.8, 999.9,   32.0*,   8.6*, 0.00I,999.9, 000000,
545110,99999, 20170124,   25.9,24,    7.5,24, 9999.9, 0, 9999.9, 0,   4.0, 9,   3.1,24,   5.8,  11.7,   37.4*,  12.2*, 0.00I,999.9, 000000,
545110,99999, 20170125,   26.8,24,   15.0,24, 9999.9, 0, 9999.9, 0,   2.3,24,   2.3,24,   3.9, 999.9,   37.4*,  15.8*, 0.00I,999.9, 000000,
545110,99999, 20170126,   32.7,24,    7.9,24, 9999.9, 0, 9999.9, 0,   1.7, 7,  13.4,24,  35.0,  46.6,   48.2*,  14.0*, 0.00I,999.9, 000000,
545110,99999, 20170127,   28.6,22,    6.6,22, 9999.9, 0, 9999.9, 0,   4.7,14,   4.1,22,  11.7, 999.9,   38.8*,  19.4*, 0.00I,999.9, 000000,
545110,99999, 20170128,   29.2,24,   14.5,24, 9999.9, 0, 9999.9, 0,   2.9,21,   5.1,24,  25.3, 999.9,   35.6*,  23.0*, 0.00I,999.9, 000000,
545110,99999, 20170129,   24.1,24,   -6.7,24, 9999.9, 0, 9999.9, 0, 999.9, 0,  12.8,24,  25.3,  29.1,   32.0*,   5.0*, 0.00I,999.9, 000000,
545110,99999, 20170130,   27.9,24,   -9.7,24, 9999.9, 0, 9999.9, 0,   7.7, 5,   5.3,24,   7.8, 999.9,   33.8*,  14.0*, 0.00I,999.9, 000000,
545110,99999, 20170131,   29.3,24,   -4.9,24, 9999.9, 0, 9999.9, 0,   4.6, 6,   5.1,24,   9.7,  13.6,   42.8*,  19.4*, 0.00I,999.9, 000000,
545110,99999, 20170201,   26.4,24,   -4.8,24, 9999.9, 0, 9999.9, 0,   8.4, 4,   4.9,24,  11.7,  15.5,   39.2*,  10.4*, 0.00I,999.9, 000000,
545110,99999, 20170202,   27.8,24,    0.6,24, 9999.9, 0, 9999.9, 0,   5.0, 7,   3.6,24,   7.8, 999.9,   41.0*,  14.0 , 0.00I,999.9, 000000,
545110,99999, 20170203,   32.3,24,   10.7,24, 9999.9, 0, 9999.9, 0,   2.0,19,   2.4,24,   5.8,  13.6,   42.8*,  19.4*, 0.00I,999.9, 000000,
545110,99999, 20170204,   37.9,24,   14.5,24, 9999.9, 0, 9999.9, 0,   1.8,12,   5.3,24,  11.7,  13.6,   48.2*,  23.0*, 0.00I,999.9, 000000,
545110,99999, 20170205,   38.9,24,    2.3,24, 9999.9, 0, 9999.9, 0, 999.9, 0,   9.1,24,  15.5,  29.1,   48.2*,  28.4*, 0.00I,999.9, 000000,
545110,99999, 20170206,   32.8,24,    2.7,24, 9999.9, 0, 9999.9, 0, 999.9, 0,   5.1,24,  11.7, 999.9,   41.0*,  23.0*, 0.00I,999.9, 000000,
545110,99999, 20170207,   28.5,24,   18.0,24, 9999.9, 0, 9999.9, 0,   4.5,23,   4.0,24,   7.8, 999.9,   36.5*,  21.2*,99.99 ,999.9, 001000,
545110,99999, 20170208,   30.5,24,   -1.0,24, 9999.9, 0, 9999.9, 0, 999.9, 0,  15.7,24,  25.3,  35.0,   41.0*,  24.8*, 0.00I,999.9, 000000,
545110,99999, 20170209,   30.4,24,   -4.8,24, 9999.9, 0, 9999.9, 0, 999.9, 0,  17.1,24,  27.2,  36.9,   37.4*,  24.8*, 0.00I,999.9, 000000,
545110,99999, 20170210,   33.1,24,   -7.4,24, 9999.9, 0, 9999.9, 0, 999.9, 0,  13.2,24,  23.3,  33.0,   41.0*,  19.4*, 0.00I,999.9, 000000,
545110,99999, 20170211,   32.4,24,    3.3,24, 9999.9, 0, 9999.9, 0, 999.9, 0,   3.7,24,   7.8, 999.9,   48.2*,  17.6*, 0.00I,999.9, 000000,
545110,99999, 20170212,   33.6,24,   10.2,24, 9999.9, 0, 9999.9, 0,   3.6,14,   3.5,24,   7.8,  15.5,   50.0*,  19.4*, 0.00I,999.9, 000000,
545110,99999, 20170213,   38.2,24,   13.7,24, 9999.9, 0, 9999.9, 0,   3.3,11,   4.5,24,   7.8,  13.6,   55.4*,  19.4*, 0.00I,999.9, 000000,
545110,99999, 20170214,   30.1,24,   22.8,24, 9999.9, 0, 9999.9, 0,   1.5,24,   3.8,24,   5.8, 999.9,   41.0*,  21.2*, 0.00I,999.9, 000000,
545110,99999, 20170215,   36.5,24,   21.2,24, 9999.9, 0, 9999.9, 0,   1.9,24,   4.7,24,  11.7, 999.9,   46.4*,  25.9 , 0.00I,999.9, 000000,
545110,99999, 20170216,   38.6,24,    3.0,24, 9999.9, 0, 9999.9, 0, 999.9, 0,  12.5,24,  17.5,  29.1,   48.2*,  23.0*, 0.00I,999.9, 000000,
545110,99999, 20170217,   33.8,24,   -0.9,24, 9999.9, 0, 9999.9, 0,   8.4, 4,   7.0,24,  15.5,  23.3,   42.8*,  19.4*, 0.00I,999.9, 000000,
545110,99999, 20170218,   38.3,24,   13.0,24, 9999.9, 0, 9999.9, 0,   4.3,12,   4.4,24,   9.7, 999.9,   50.0*,  23.0*, 0.00I,999.9, 000000,
545110,99999, 20170219,   41.0,24,    4.8,24, 9999.9, 0, 9999.9, 0,   3.6, 6,  13.0,24,  27.2,  29.1,   59.0*,  24.8*, 0.00I,999.9, 000000,
545110,99999, 20170220,   30.6,24,   -0.4,24, 9999.9, 0, 9999.9, 0,   6.3,11,   5.0,24,  13.6,  15.5,   41.0*,  21.2*, 0.00I,999.9, 000000,
545110,99999, 20170221,   27.8,24,   19.8,24, 9999.9, 0, 9999.9, 0,   2.6,24,   4.6,24,   9.7, 999.9,   35.6*,  21.2*, 0.21G,999.9, 001000,
545110,99999, 20170222,   34.7,24,   15.5,24, 9999.9, 0, 9999.9, 0,   2.0, 9,  10.7,24,  27.2,  36.9,   44.6*,  21.2*, 0.00I,999.9, 000000,
545110,99999, 20170223,   38.0,24,    9.4,24, 9999.9, 0, 9999.9, 0, 999.9, 0,   7.0,24,  15.5,  29.1,   46.4*,  23.0*, 0.00I,999.9, 000000,
545110,99999, 20170224,   43.3,24,   11.2,24, 9999.9, 0, 9999.9, 0, 999.9, 0,   8.3,24,  17.5,  31.1,   53.6*,  24.4 , 0.00I,999.9, 000000,
545110,99999, 20170225,   41.8,24,   15.3,24, 9999.9, 0, 9999.9, 0, 999.9, 0,   5.7,24,  13.6,  23.3,   57.2*,  26.6*, 0.00I,999.9, 000000,
545110,99999, 20170226,   42.1,24,   18.9,24, 9999.9, 0, 9999.9, 0,   4.9, 9,   3.9,24,   9.7,  17.5,   55.4*,  24.8*, 0.00I,999.9, 000000,
545110,99999, 20170227,   47.0,24,   19.5,24, 9999.9, 0, 9999.9, 0, 999.9, 0,   5.7,24,   9.7, 999.9,   60.8*,  30.6 , 0.00I,999.9, 000000,
545110,99999, 20170228,   50.1,24,   11.2,24, 9999.9, 0, 9999.9, 0, 999.9, 0,   8.7,24,  15.5,  25.3,   60.8*,  39.2 ,99.99 ,999.9, 010000,
545110,99999, 20170301,   37.8,24,   -2.1,24, 9999.9, 0, 9999.9, 0, 999.9, 0,  13.1,24,  23.3,  35.0,   46.4*,  24.8*, 0.00I,999.9, 000000,
545110,99999, 20170302,   42.6,24,   11.5,24, 9999.9, 0, 9999.9, 0, 999.9, 0,   4.1,24,   9.7,  15.5,   58.3*,  26.6*, 0.00I,999.9, 000000,
545110,99999, 20170303,   42.7,24,   19.3,24, 9999.9, 0, 9999.9, 0,   4.5, 5,   4.7,24,  11.7, 999.9,   58.1*,  24.8*, 0.00I,999.9, 000000,
545110,99999, 20170304,   44.4,24,   15.3,24, 9999.9, 0, 9999.9, 0,   4.7, 6,   5.3,24,  11.7,  13.6,   53.6*,  28.8 , 0.00I,999.9, 000000,
545110,99999, 20170305,   38.6,24,    8.5,24, 9999.9, 0, 9999.9, 0, 999.9, 0,   8.6,24,  21.4,  31.1,   51.1*,  23.0*, 0.00I,999.9, 000000,
545110,99999, 20170306,   37.6,24,    6.4,24, 9999.9, 0, 9999.9, 0,   6.3, 6,  10.6,24,  23.3,  31.1,   48.2*,  24.8*,99.99 ,999.9, 001000,
545110,99999, 20170307,   40.0,24,    2.8,24, 9999.9, 0, 9999.9, 0, 999.9, 0,  12.5,24,  23.3,  33.0,   48.2*,  29.8*, 0.00I,999.9, 000000,
545110,99999, 20170308,   48.2,24,    3.9,24, 9999.9, 0, 9999.9, 0, 999.9, 0,  12.9,24,  19.4,  31.1,   57.2*,  28.0 , 0.00I,999.9, 000000,
545110,99999, 20170309,   48.9,24,    7.4,24, 9999.9, 0, 9999.9, 0, 999.9, 0,   8.0,24,  17.5,  29.1,   62.8*,  28.4*, 0.00I,999.9, 000000,
545110,99999, 20170310,   53.2,24,   13.4,24, 9999.9, 0, 9999.9, 0, 999.9, 0,   3.8,24,   7.8,  15.5,   66.2*,  32.2 , 0.00I,999.9, 000000,
545110,99999, 20170311,   55.0,24,   13.8,24, 9999.9, 0, 9999.9, 0, 999.9, 0,  10.5,24,  17.5,  25.3,   68.0*,  39.2*, 0.00I,999.9, 000000,
545110,99999, 20170312,   44.3,24,    0.4,24, 9999.9, 0, 9999.9, 0, 999.9, 0,   6.4,24,  13.6, 999.9,   55.4*,  28.4*, 0.00I,999.9, 000000,
545110,99999, 20170313,   47.4,24,    6.7,24, 9999.9, 0, 9999.9, 0, 999.9, 0,   3.8,24,   7.8, 999.9,   59.0*,  28.4*, 0.00I,999.9, 000000,
545110,99999, 20170314,   48.3,24,   12.6,24, 9999.9, 0, 9999.9, 0, 999.9, 0,   4.9,24,   9.7,  15.5,   62.6*,  28.4*, 0.00I,999.9, 000000,
545110,99999, 20170315,   45.7,24,   20.9,24, 9999.9, 0, 9999.9, 0,   4.3,10,   4.5,24,   9.7, 999.9,   59.0*,  32.0*, 0.00I,999.9, 000000,
545110,99999, 20170316,   51.1,24,   25.9,24, 9999.9, 0, 9999.9, 0,   4.3,18,   5.5,24,   9.7,  15.5,   60.8*,  35.6 , 0.00I,999.9, 000000,
545110,99999, 20170317,   48.3,24,   33.0,24, 9999.9, 0, 9999.9, 0,   3.1,24,   3.9,24,   7.8, 999.9,   60.8*,  37.4*, 0.00I,999.9, 000000,
545110,99999, 20170318,   53.6,24,   30.5,24, 9999.9, 0, 9999.9, 0,   3.0,23,   4.9,24,   7.8,  17.5,   66.2*,  39.2 , 0.00I,999.9, 000000,
545110,99999, 20170319,   54.4,24,   36.6,24, 9999.9, 0, 9999.9, 0,   2.2,24,   4.3,24,   9.7, 999.9,   64.4*,  42.1 , 0.00I,999.9, 000000,
545110,99999, 20170320,   44.9,24,   36.8,24, 9999.9, 0, 9999.9, 0,   3.5,24,   4.6,24,   9.7, 999.9,   55.4*,  33.8*, 0.01G,999.9, 010000,
545110,99999, 20170321,   47.9,24,   28.9,24, 9999.9, 0, 9999.9, 0,   3.8,19,   4.8,24,   9.7,  15.5,   57.2*,  33.8*, 0.00I,999.9, 000000,
545110,99999, 20170322,   50.4,24,   32.4,24, 9999.9, 0, 9999.9, 0,   3.5,24,   4.0,24,   7.8,  13.6,   57.2*,  38.7 , 0.06G,999.9, 010000,
545110,99999, 20170323,   42.7,24,   35.0,24, 9999.9, 0, 9999.9, 0,   3.0,24,   4.5,24,  11.7, 999.9,   46.4*,  33.8*, 0.28G,999.9, 010000,
545110,99999, 20170324,   38.0,24,   36.0,24, 9999.9, 0, 9999.9, 0,   2.1,24,   3.3,24,   5.8, 999.9,   39.4*,  34.0*, 0.15G,999.9, 010000,
545110,99999, 20170325,   49.4,24,   26.3,24, 9999.9, 0, 9999.9, 0, 999.9, 0,   6.8,24,  11.7,  23.3,   57.2*,  33.3 , 0.09G,999.9, 000000,
545110,99999, 20170326,   49.1,24,   22.6,24, 9999.9, 0, 9999.9, 0,   8.7, 5,   8.7,24,  15.5,  21.4,   59.0*,  37.4*, 0.00G,999.9, 010000,
545110,99999, 20170327,   50.7,24,   19.5,24, 9999.9, 0, 9999.9, 0, 999.9, 0,   5.4,24,   9.7, 999.9,   59.0*,  37.4*, 0.00I,999.9, 000000,
545110,99999, 20170328,   50.7,24,   33.2,24, 9999.9, 0, 9999.9, 0,   4.0, 9,   4.8,24,  11.7,  17.5,   62.6*,  37.4*, 0.00I,999.9, 000000,
545110,99999, 20170329,   55.3,24,   39.0,24, 9999.9, 0, 9999.9, 0,   3.4,24,   4.7,24,   9.7, 999.9,   66.2*,  41.4 , 0.00I,999.9, 000000,
545110,99999, 20170330,   53.1,24,   26.4,24, 9999.9, 0, 9999.9, 0,   4.5, 5,   6.0,24,  11.7, 999.9,   60.8*,  37.4*,99.99 ,999.9, 010000,
545110,99999, 20170331,   54.1,24,   20.7,24, 9999.9, 0, 9999.9, 0, 999.9, 0,   4.5,24,   9.7,  19.4,   62.6*,  37.4*, 0.00I,999.9, 000000,
545110,99999, 20170401,   56.7,24,   24.1,24, 9999.9, 0, 9999.9, 0, 999.9, 0,   5.1,24,  11.7,  21.4,   71.6*,  39.2*, 0.00I,999.9, 000000,
545110,99999, 20170402,   57.7,24,   29.2,24, 9999.9, 0, 9999.9, 0,   3.5, 6,   3.6,24,   7.8,  11.7,   75.2*,  41.0*, 0.00I,999.9, 000000,
545110,99999, 20170403,   63.6,24,   38.8,24, 9999.9, 0, 9999.9, 0,   3.4,19,   5.3,24,  13.6, 999.9,   77.0*,  45.9 , 0.00I,999.9, 000000,
545110,99999, 20170404,   61.8,24,   44.2,24, 9999.9, 0, 9999.9, 0,   2.8,16,   5.6,24,   9.7, 999.9,   68.0*,  55.4*,99.99 ,999.9, 010000,
545110,99999, 20170405,   57.5,24,   47.4,24, 9999.9, 0, 9999.9, 0,   3.9,20,   6.7,24,  11.7, 999.9,   68.0*,  48.2*, 0.00I,999.9, 000000,
545110,99999, 20170406,   64.5,24,   42.8,24, 9999.9, 0, 9999.9, 0,   3.8,14,   5.4,24,  13.6, 999.9,   78.8*,  48.6 , 0.00I,999.9, 000000,
545110,99999, 20170407,   57.3,24,   44.7,24, 9999.9, 0, 9999.9, 0,   4.3,22,   3.9,24,   7.8, 999.9,   62.6*,  53.6*,99.99 ,999.9, 010000,
545110,99999, 20170408,   56.0,24,   38.7,24, 9999.9, 0, 9999.9, 0,   4.2,13,   4.4,24,   7.8,  17.5,   64.4*,  42.8*, 0.00I,999.9, 000000,
545110,99999, 20170409,   57.4,24,   33.4,24, 9999.9, 0, 9999.9, 0, 999.9, 0,   5.2,24,  11.7,  17.5,   66.2*,  44.6*, 0.00I,999.9, 000000,
545110,99999, 20170410,   59.6,24,   37.0,24, 9999.9, 0, 9999.9, 0,   5.1, 4,   5.8,24,  11.7,  19.4,   69.8*,  47.7*, 0.00I,999.9, 000000,
545110,99999, 20170411,   56.3,24,   16.5,24, 9999.9, 0, 9999.9, 0, 999.9, 0,   8.3,24,  19.4,  27.2,   71.6*,  35.6*, 0.00I,999.9, 000000,
545110,99999, 20170412,   58.8,24,   22.8,24, 9999.9, 0, 9999.9, 0, 999.9, 0,   5.3,24,  11.7,  23.3,   78.8*,  37.4*, 0.00I,999.9, 000000,
545110,99999, 20170413,   56.7,24,   31.9,24, 9999.9, 0, 9999.9, 0,   5.2, 6,   4.1,24,   9.7, 999.9,   68.0*,  42.3 , 0.00I,999.9, 000000,
545110,99999, 20170414,   64.8,24,   37.5,24, 9999.9, 0, 9999.9, 0,   5.6, 7,   4.9,24,  13.6,  21.4,   82.4*,  44.6*, 0.00I,999.9, 000000,
545110,99999, 20170415,   73.6,24,   31.2,24, 9999.9, 0, 9999.9, 0, 999.9, 0,   6.9,24,  17.5,  29.1,   89.6*,  50.5 , 0.00I,999.9, 000000,
545110,99999, 20170416,   63.6,24,   46.4,24, 9999.9, 0, 9999.9, 0,   3.1,23,   5.4,24,   9.7,  19.4,   75.2*,  48.2*, 0.00I,999.9, 000000,
545110,99999, 20170417,   69.0,24,   29.0,24, 9999.9, 0, 9999.9, 0,   3.4,12,  12.1,24,  29.1,  38.9,   78.8*,  51.4 , 0.00I,999.9, 000000,
545110,99999, 20170418,   60.8,24,   23.4,24, 9999.9, 0, 9999.9, 0, 999.9, 0,  12.2,24,  29.1,  40.8,   75.2*,  46.4*, 0.00I,999.9, 000000,
545110,99999, 20170419,   50.4,24,   37.2,24, 9999.9, 0, 9999.9, 0,   6.5, 5,   3.5,24,   7.8, 999.9,   59.5*,  37.4*,99.99 ,999.9, 010000,
545110,99999, 20170420,   60.7,24,   29.0,24, 9999.9, 0, 9999.9, 0, 999.9, 0,   7.4,24,  15.5,  27.2,   73.6*,  42.1 , 0.00I,999.9, 000000,
545110,99999, 20170421,   62.0,24,   31.6,24, 9999.9, 0, 9999.9, 0, 999.9, 0,   6.3,24,  13.6,  21.4,   73.4*,  39.2*, 0.00I,999.9, 000000,
545110,99999, 20170422,   68.8,24,   30.0,24, 9999.9, 0, 9999.9, 0, 999.9, 0,  10.0,24,  19.4,  27.2,   80.6*,  49.1 , 0.00I,999.9, 000000,
545110,99999, 20170423,   62.3,24,   32.1,24, 9999.9, 0, 9999.9, 0, 999.9, 0,   6.9,24,  15.5, 999.9,   77.0*,  44.6*, 0.00I,999.9, 000000,
545110,99999, 20170424,   63.2,24,    9.3,24, 9999.9, 0, 9999.9, 0, 999.9, 0,  10.3,24,  25.3,  35.0,   73.4*,  50.0*, 0.00I,999.9, 000000,
545110,99999, 20170425,   56.3,24,   21.7,24, 9999.9, 0, 9999.9, 0, 999.9, 0,   4.5,24,   9.7, 999.9,   68.2*,  42.8*, 0.00I,999.9, 000000,
545110,99999, 20170426,   66.0,24,   17.8,24, 9999.9, 0, 9999.9, 0, 999.9, 0,   9.1,24,  15.5,  23.3,   75.2*,  45.7*, 0.00I,999.9, 000000,
545110,99999, 20170427,   74.1,24,   13.8,24, 9999.9, 0, 9999.9, 0, 999.9, 0,  10.8,24,  21.4,  29.1,   86.0*,  45.0 , 0.00I,999.9, 000000,
545110,99999, 20170428,   77.5,24,   28.1,24, 9999.9, 0, 9999.9, 0, 999.9, 0,   7.4,24,  17.5,  29.1,   89.6*,  53.6*, 0.00I,999.9, 000000,
545110,99999, 20170429,   78.0,24,   38.7,24, 9999.9, 0, 9999.9, 0, 999.9, 0,   8.3,24,  19.4,  29.1,   95.0*,  53.6*, 0.00I,999.9, 000000,
545110,99999, 20170430,   69.8,24,   33.1,24, 9999.9, 0, 9999.9, 0, 999.9, 0,   6.2,24,  11.7,  23.3,   86.0*,  48.2*, 0.00I,999.9, 000000,
545110,99999, 20170501,   67.8,24,   35.1,24, 9999.9, 0, 9999.9, 0, 999.9, 0,   4.8,24,   7.8, 999.9,   80.6*,  51.8*, 0.00I,999.9, 000000,
545110,99999, 20170502,   73.3,24,   48.1,24, 9999.9, 0, 9999.9, 0,   4.6, 7,   5.7,24,   9.7, 999.9,   84.2*,  56.3 , 0.00I,999.9, 000000,
545110,99999, 20170503,   68.9,24,   49.2,24, 9999.9, 0, 9999.9, 0,   4.1,15,   7.2,24,  15.5,  17.5,   80.6*,  59.0*, 0.01G,999.9, 010000,
545110,99999, 20170504,   70.3,24,   27.1,24, 9999.9, 0, 9999.9, 0,   1.8,24,   9.0,24,  33.0,  48.6,   77.0*,  60.6 , 0.01E,999.9, 000000,
545110,99999, 20170505,   60.4,24,   15.8,24, 9999.9, 0, 9999.9, 0, 999.9, 0,  12.7,24,  36.9,  52.4,   69.8*,  44.6*, 0.00I,999.9, 000000,
545110,99999, 20170506,   69.3,24,   31.2,24, 9999.9, 0, 9999.9, 0, 999.9, 0,   8.4,24,  19.4,  31.1,   86.0*,  46.4*, 0.00I,999.9, 000000,
545110,99999, 20170507,   75.0,24,   37.7,24, 9999.9, 0, 9999.9, 0, 999.9, 0,   6.3,24,  15.5,  19.4,   89.6*,  53.6*, 0.00I,999.9, 000000,
545110,99999, 20170508,   74.4,24,   44.9,24, 9999.9, 0, 9999.9, 0, 999.9, 0,   4.9,24,   9.7,  13.6,   86.0*,  58.5 , 0.00I,999.9, 000000,
545110,99999, 20170509,   69.8,24,   49.2,24, 9999.9, 0, 9999.9, 0, 999.9, 0,   7.1,24,  13.6,  23.3,   84.2*,  55.4*, 0.00I,999.9, 000000,
545110,99999, 20170510,   74.5,24,   44.6,24, 9999.9, 0, 9999.9, 0, 999.9, 0,   6.2,24,  17.5,  25.3,   91.4*,  51.8*, 0.00I,999.9, 000000,
545110,99999, 20170511,   70.4,24,   20.8,24, 9999.9, 0, 9999.9, 0, 999.9, 0,  12.6,24,  27.2,  40.8,   87.8*,  46.4*, 0.00I,999.9, 000000,
545110,99999, 20170512,   72.4,24,   26.7,24, 9999.9, 0, 9999.9, 0, 999.9, 0,  10.0,24,  27.2,  36.9,   84.2*,  53.6*, 0.00I,999.9, 000000,
545110,99999, 20170513,   74.1,24,   32.7,24, 9999.9, 0, 9999.9, 0, 999.9, 0,  12.1,24,  23.3,  33.0,   84.2*,  57.7 , 0.00I,999.9, 000000,
545110,99999, 20170514,   71.4,24,   35.5,24, 9999.9, 0, 9999.9, 0, 999.9, 0,   5.3,24,   9.7, 999.9,   82.4*,  53.6*, 0.00I,999.9, 000000,
545110,99999, 20170515,   72.3,24,   37.8,24, 9999.9, 0, 9999.9, 0, 999.9, 0,   4.7,24,  11.7, 999.9,   82.4*,  57.2*, 0.00I,999.9, 000000,
545110,99999, 20170516,   77.2,24,   48.4,24, 9999.9, 0, 9999.9, 0, 999.9, 0,   6.2,24,  11.7,  33.0,   89.6*,  60.8*, 0.00I,999.9, 000000,
545110,99999, 20170517,   77.6,24,   57.6,24, 9999.9, 0, 9999.9, 0,   5.1, 5,   3.9,24,   7.8, 999.9,   89.6*,  62.6*, 0.00I,999.9, 000000,
545110,99999, 20170518,   83.8,24,   61.4,24, 9999.9, 0, 9999.9, 0,   4.0,11,   5.3,24,  11.7,  15.5,   96.8*,  67.5 , 0.00I,999.9, 000000,
545110,99999, 20170519,   84.2,24,   59.5,24, 9999.9, 0, 9999.9, 0,   3.5, 8,   6.8,24,  13.6,  21.4,   98.6*,  68.0*, 0.00I,999.9, 000000,
545110,99999, 20170520,   82.4,24,   58.7,24, 9999.9, 0, 9999.9, 0, 999.9, 0,   6.3,24,  11.7,  21.4,   95.0*,  67.8*, 0.03G,999.9, 000000,
545110,99999, 20170521,   74.9,24,   56.2,24, 9999.9, 0, 9999.9, 0, 999.9, 0,   6.4,24,  13.6, 999.9,   84.2*,  64.4*,99.99 ,999.9, 010000,
545110,99999, 20170522,   60.7,24,   57.9,24, 9999.9, 0, 9999.9, 0,   3.7, 8,   4.6,24,   9.7, 999.9,   66.2*,  53.6*, 1.15G,999.9, 010000,
545110,99999, 20170523,   72.7,24,   47.4,24, 9999.9, 0, 9999.9, 0, 999.9, 0,   5.2,24,  13.6,  25.3,   87.8*,  55.4*, 0.00I,999.9, 000000,
545110,99999, 20170524,   79.8,24,   42.1,24, 9999.9, 0, 9999.9, 0, 999.9, 0,   7.9,24,  17.5,  25.3,   93.2*,  56.5 , 0.00I,999.9, 000000,
545110,99999, 20170525,   73.3,24,   48.0,24, 9999.9, 0, 9999.9, 0, 999.9, 0,   8.3,24,  13.6, 999.9,   86.0*,  57.2*, 0.00I,999.9, 000000,
545110,99999, 20170526,   72.8,24,   49.1,24, 9999.9, 0, 9999.9, 0, 999.9, 0,   4.4,24,   7.8,  17.5,   84.2*,  58.5 , 0.00I,999.9, 000000,
545110,99999, 20170527,   76.4,24,   55.6,24, 9999.9, 0, 9999.9, 0,   4.3,12,   4.7,24,   7.8, 999.9,   86.9*,  64.4 , 0.00I,999.9, 000000,
545110,99999, 20170528,   84.9,24,   58.0,24, 9999.9, 0, 9999.9, 0, 999.9, 0,   7.9,24,  17.5,  29.1,   98.6*,  68.5 ,99.99 ,999.9, 010000,
545110,99999, 20170529,   70.0,24,   56.2,24, 9999.9, 0, 9999.9, 0,   7.1, 9,   4.6,24,   7.8, 999.9,   77.0*,  64.4*,99.99 ,999.9, 010010,
545110,99999, 20170530,   70.6,24,   60.1,24, 9999.9, 0, 9999.9, 0,   3.0, 7,   3.8,24,   7.8,  15.5,   82.4*,  60.8*, 0.04G,999.9, 010000,
545110,99999, 20170531,   77.7,24,   56.1,24, 9999.9, 0, 9999.9, 0,   3.0, 6,   6.1,24,  13.6,  23.3,   93.2*,  59.0*, 0.00G,999.9, 000000,
545110,99999, 20170601,   77.7,24,   42.8,24, 9999.9, 0, 9999.9, 0, 999.9, 0,   7.3,24,  11.7, 999.9,   87.8*,  61.2 , 0.00G,999.9, 010000,
545110,99999, 20170602,   63.5,24,   46.6,24, 9999.9, 0, 9999.9, 0, 999.9, 0,   5.9,24,  11.7,  19.4,   71.6*,  51.8*,99.99 ,999.9, 010000,
545110,99999, 20170603,   71.8,24,   45.5,24, 9999.9, 0, 9999.9, 0, 999.9, 0,   5.3,24,   9.7,  23.3,   82.4*,  54.7 , 0.00I,999.9, 000000,
545110,99999, 20170604,   77.4,24,   48.1,24, 9999.9, 0, 9999.9, 0, 999.9, 0,   4.2,24,   9.7,  17.5,   91.4*,  59.7 , 0.00I,999.9, 000000,
545110,99999, 20170605,   75.6,24,   52.5,24, 9999.9, 0, 9999.9, 0,   5.5,12,   5.1,24,  15.5,  25.3,   84.4*,  60.8*, 0.11G,999.9, 010000,
545110,99999, 20170606,   62.4,24,   57.4,24, 9999.9, 0, 9999.9, 0,   4.5,17,   3.3,24,   5.8,  13.6,   67.1*,  58.5*, 0.02G,999.9, 010000,
545110,99999, 20170607,   74.7,24,   52.7,24, 9999.9, 0, 9999.9, 0,   4.0, 6,   4.6,24,  13.6,  27.2,   89.6*,  57.2*, 0.02G,999.9, 010000,
545110,99999, 20170608,   77.3,24,   50.5,24, 9999.9, 0, 9999.9, 0,   7.0, 4,   4.9,24,  17.5,  19.4,   95.0*,  59.0*, 0.01G,999.9, 010000,
545110,99999, 20170609,   82.5,24,   46.7,24, 9999.9, 0, 9999.9, 0, 999.9, 0,   7.9,24,  17.5,  29.1,  102.2*,  62.6*, 0.00I,999.9, 000000,
545110,99999, 20170610,   74.2,24,   37.6,24, 9999.9, 0, 9999.9, 0, 999.9, 0,   6.1,24,  11.7,  19.4,   86.0*,  59.0*, 0.00I,999.9, 000000,
545110,99999, 20170611,   75.0,24,   41.9,24, 9999.9, 0, 9999.9, 0, 999.9, 0,   4.3,24,   9.7, 999.9,   86.0*,  60.1 , 0.02G,999.9, 010000,
545110,99999, 20170612,   73.2,24,   48.1,24, 9999.9, 0, 9999.9, 0, 999.9, 0,   5.4,24,   9.7, 999.9,   80.1*,  66.2*,99.99 ,999.9, 010000,
545110,99999, 20170613,   71.5,24,   54.9,24, 9999.9, 0, 9999.9, 0, 999.9, 0,   5.4,24,   9.7,  19.4,   80.6*,  60.8*, 0.42G,999.9, 010000,
545110,99999, 20170614,   83.5,24,   49.9,24, 9999.9, 0, 9999.9, 0, 999.9, 0,   6.1,24,  11.7,  25.3,   98.6*,  61.0 , 0.00I,999.9, 000000,
545110,99999, 20170615,   88.1,24,   50.6,24, 9999.9, 0, 9999.9, 0, 999.9, 0,   6.2,24,  13.6,  19.4,  102.2*,  66.2 , 0.00I,999.9, 000000,
545110,99999, 20170616,   89.1,24,   51.5,24, 9999.9, 0, 9999.9, 0, 999.9, 0,   7.9,24,  15.5,  23.3,  102.2*,  74.3 , 0.00I,999.9, 000000,
545110,99999, 20170617,   87.3,24,   55.1,24, 9999.9, 0, 9999.9, 0,   4.9, 6,   7.6,24,  13.6, 999.9,   96.8*,  74.8 , 0.00I,999.9, 000000,
545110,99999, 20170618,   80.3,24,   60.8,24, 9999.9, 0, 9999.9, 0,   5.9, 6,   7.5,24,  13.6,  23.3,   95.0*,  68.0*, 0.02G,999.9, 010010,
545110,99999, 20170619,   82.9,24,   56.7,24, 9999.9, 0, 9999.9, 0,   6.5, 4,   5.8,24,  13.6,  19.4,   96.8*,  68.0*, 0.00I,999.9, 000000,
545110,99999, 20170620,   83.1,24,   59.0,24, 9999.9, 0, 9999.9, 0, 999.9, 0,   5.3,24,   7.8,  19.4,   93.2*,  69.8 , 0.00I,999.9, 000000,
545110,99999, 20170621,   78.3,24,   63.9,24, 9999.9, 0, 9999.9, 0,   5.9,12,   5.3,24,  17.5,  27.2,   89.6*,  68.0*, 0.04G,999.9, 010010,
545110,99999, 20170622,   68.3,24,   66.2,24, 9999.9, 0, 9999.9, 0,   3.2,24,   4.4,24,  17.5, 999.9,   71.8*,  65.5*, 2.50G,999.9, 010010,
545110,99999, 20170623,   66.9,24,   64.8,24, 9999.9, 0, 9999.9, 0,   5.8,24,   5.0,24,   9.7, 999.9,   70.5*,  64.4*, 1.57G,999.9, 010010,
545110,99999, 20170624,   72.3,24,   63.1,24, 9999.9, 0, 9999.9, 0,   6.3, 6,   4.9,24,   9.7, 999.9,   80.6*,  62.6*, 1.04G,999.9, 000000,
545110,99999, 20170625,   76.2,24,   63.8,24, 9999.9, 0, 9999.9, 0,   5.7, 5,   5.7,24,  11.7, 999.9,   88.2*,  64.2 , 0.00G,999.9, 010010,
545110,99999, 20170626,   84.0,23,   63.7,23, 9999.9, 0, 9999.9, 0,   5.2, 7,   4.3,23,   9.7, 999.9,   95.0*,  67.6 , 0.00I,999.9, 000000,
545110,99999, 20170627,   82.9,24,   67.7,24, 9999.9, 0, 9999.9, 0,   3.6,15,   4.9,24,   9.7,  17.5,   95.0*,  73.2 , 0.00I,999.9, 000000,
545110,99999, 20170628,   83.7,24,   70.0,24, 9999.9, 0, 9999.9, 0,   3.4,18,   4.5,24,   7.8,  17.5,   93.7*,  73.4*,99.99 ,999.9, 010000,
545110,99999, 20170629,   84.4,24,   68.1,24, 9999.9, 0, 9999.9, 0,   3.0, 9,   5.5,24,   9.7,  21.4,   93.2*,  75.2*, 0.00I,999.9, 000000,
545110,99999, 20170630,   85.5,22,   69.9,22, 9999.9, 0, 9999.9, 0,   3.8,10,   5.1,22,   9.7, 999.9,   95.0*,  75.6 , 0.00I,999.9, 000000,
545110,99999, 20170701,   85.8,24,   70.9,24, 9999.9, 0, 9999.9, 0,   3.1,13,   4.8,24,   9.7,  17.5,   95.9*,  75.2*, 0.00I,999.9, 000000,
